1518-11-01 00:00:00 UTC Guard #10 begins shift
1518-11-01 00:05:00 UTC falls asleep
1518-11-01 00:25:00 UTC wakes up
1518-11-01 00:30:00 UTC falls asleep
1518-11-01 00:55:00 UTC wakes up
1518-11-01 23:58:00 UTC Guard #99 begins shift
1518-11-02 00:40:00 UTC falls asleep
1518-11-02 00:50:00 UTC wakes up
1518-11-03 00:05:00 UTC Guard #10 begins shift
1518-11-03 00:24:00 UTC falls asleep
1518-11-03 00:29:00 UTC wakes up
1518-11-04 00:02:00 UTC Guard #99 begins shift
1518-11-04 00:36:00 UTC falls asleep
1518-11-04 00:46:00 UTC wakes up
1518-11-05 00:03:00 UTC Guard #99 begins shift
1518-11-05 00:45:00 UTC falls asleep
1518-11-05 00:55:00 UTC wakes up
  10:  0 0 0 0 0 1 1 1 1 1 1 1 1 1 1 1 1 1 1 1 1 1 1 1 1 0 0 0 0 0 1 1 1 1 1 1 1 1 1 1 1 1 1 1 1 1 1 1 1 1 1 1 1 1 1 0 0 0 0 0
  99:  0 0 0 0 0 0 0 0 0 0 0 0 0 0 0 0 0 0 0 0 0 0 0 0 0 0 0 0 0 0 0 0 0 0 0 0 0 0 0 0 1 1 1 1 1 1 1 1 1 1 0 0 0 0 0 0 0 0 0 0
  10:  0 0 0 0 0 1 1 1 1 1 1 1 1 1 1 1 1 1 1 1 1 1 1 1 2 1 1 1 1 0 1 1 1 1 1 1 1 1 1 1 1 1 1 1 1 1 1 1 1 1 1 1 1 1 1 0 0 0 0 0
  99:  0 0 0 0 0 0 0 0 0 0 0 0 0 0 0 0 0 0 0 0 0 0 0 0 0 0 0 0 0 0 0 0 0 0 0 0 1 1 1 1 2 2 2 2 2 2 1 1 1 1 0 0 0 0 0 0 0 0 0 0
  99:  0 0 0 0 0 0 0 0 0 0 0 0 0 0 0 0 0 0 0 0 0 0 0 0 0 0 0 0 0 0 0 0 0 0 0 0 1 1 1 1 2 2 2 2 2 3 2 2 2 2 1 1 1 1 1 0 0 0 0 0
Finished Counting
  10: 50 : 0 0 0 0 0 1 1 1 1 1 1 1 1 1 1 1 1 1 1 1 1 1 1 1 2 1 1 1 1 0 1 1 1 1 1 1 1 1 1 1 1 1 1 1 1 1 1 1 1 1 1 1 1 1 1 0 0 0 0 0
New Max: 50
  99: 30 : 0 0 0 0 0 0 0 0 0 0 0 0 0 0 0 0 0 0 0 0 0 0 0 0 0 0 0 0 0 0 0 0 0 0 0 0 1 1 1 1 2 2 2 2 2 3 2 2 2 2 1 1 1 1 1 0 0 0 0 0
Result A: 10 24
